0.3107741920266807
0.35454793092431663
0.45765024130468074
0.45765024130468074
0.45765024130468074
0.45765024130468074
0.45765024130468074
0.45765024130468074
0.45765024130468074
0.45765024130468074
0.45765024130468074
0.6854184524975747
0.6854184524975747
0.6854184524975747
0.6854184524975747
0.6854184524975747
0.6854184524975747
0.6854184524975747
0.6854184524975747
0.6854184524975747
1.03896077354215
1.03896077354215
1.2902091540224243
1.2902091540224243
1.2902091540224243
1.2902091540224243
1.2902091540224243
1.2902091540224243
1.2902091540224243
1.2902091540224243
1.2902091540224243
1.2902091540224243
1.2902091540224243
1.2902091540224243
1.2902091540224243
1.2902091540224243
1.2902091540224243
1.2902091540224243
1.2902091540224243
1.2902091540224243
1.389240663709573
1.389240663709573
1.389240663709573
1.389240663709573
1.389240663709573
1.389240663709573
1.389240663709573
1.389240663709573
1.389240663709573
1.389240663709573
1.389240663709573
1.389240663709573
1.389240663709573
1.389240663709573
1.389240663709573
1.389240663709573
1.389240663709573
1.389240663709573
1.389240663709573
1.389240663709573
1.389240663709573
1.389240663709573
1.389240663709573
1.389240663709573
1.389240663709573
1.389240663709573
1.389240663709573
1.389240663709573
1.389240663709573
1.389240663709573
1.389240663709573
1.389240663709573
1.389240663709573
1.389240663709573
1.389240663709573
1.389240663709573
1.389240663709573
1.389240663709573
1.389240663709573
1.389240663709573
1.389240663709573
1.389240663709573
1.389240663709573
1.389240663709573
1.389240663709573
1.389240663709573
1.389240663709573
1.389240663709573
1.389240663709573
1.389240663709573
1.389240663709573
1.389240663709573
1.389240663709573
1.389240663709573
1.389240663709573
1.389240663709573
1.389240663709573
1.389240663709573
1.389240663709573
1.389240663709573
1.389240663709573
1.389240663709573
1.389240663709573
1.389240663709573
1.389240663709573
1.389240663709573
1.389240663709573
1.389240663709573
1.389240663709573
1.389240663709573
1.389240663709573
1.389240663709573
1.389240663709573
1.389240663709573
1.389240663709573
1.389240663709573
1.389240663709573
1.389240663709573
1.389240663709573
1.389240663709573
1.389240663709573
1.389240663709573
1.389240663709573
1.389240663709573
1.389240663709573
1.389240663709573
1.389240663709573
1.389240663709573
1.389240663709573
1.389240663709573
1.389240663709573
1.389240663709573
1.389240663709573
1.389240663709573
1.389240663709573
1.389240663709573
1.389240663709573
1.389240663709573
1.389240663709573
1.389240663709573
1.389240663709573
1.6688462809511653
1.6688462809511653
1.6688462809511653
1.6688462809511653
1.6688462809511653
1.6688462809511653
1.6688462809511653
1.6688462809511653
1.6688462809511653
1.6688462809511653
1.6688462809511653
1.6688462809511653
1.6688462809511653
1.6688462809511653
1.6688462809511653
1.6688462809511653
1.6688462809511653
1.6688462809511653
1.6688462809511653
1.6688462809511653
1.8866521223062436
1.8866521223062436
1.8866521223062436
1.8866521223062436
1.8866521223062436
1.8866521223062436
1.8866521223062436
1.8866521223062436
1.8866521223062436
1.8866521223062436
1.8866521223062436
1.8866521223062436
1.8866521223062436
1.8866521223062436
1.8866521223062436
1.8866521223062436
1.8866521223062436
1.8866521223062436
1.8866521223062436
1.8866521223062436
1.8866521223062436
1.8866521223062436
1.8866521223062436
1.8866521223062436
1.8866521223062436
1.8866521223062436
1.8866521223062436
1.8866521223062436
1.8866521223062436
1.8866521223062436
1.8866521223062436
1.8866521223062436
1.8866521223062436
1.8866521223062436
1.8866521223062436
1.8866521223062436
1.8866521223062436
1.8866521223062436
1.8866521223062436
1.8866521223062436
1.8866521223062436
1.8866521223062436
1.8866521223062436
1.8866521223062436
1.8866521223062436
1.8866521223062436
1.8866521223062436
1.8866521223062436
1.8866521223062436
1.8866521223062436
1.8866521223062436
1.8866521223062436
1.8866521223062436
1.8866521223062436
1.8866521223062436
1.8866521223062436
1.8866521223062436
1.8866521223062436
1.8866521223062436
1.8866521223062436
1.8866521223062436
1.8866521223062436
1.8866521223062436
1.8866521223062436
1.8866521223062436
1.8866521223062436
1.8866521223062436
1.8866521223062436
1.8866521223062436
1.8866521223062436
1.8866521223062436
1.8866521223062436
1.8866521223062436
1.8866521223062436
1.8866521223062436
1.8866521223062436
1.8866521223062436
1.8866521223062436
1.8866521223062436
1.8866521223062436
1.8866521223062436
1.8866521223062436
1.8866521223062436
1.8866521223062436
1.8866521223062436
1.8866521223062436
1.8866521223062436
1.8866521223062436
1.8866521223062436
1.8866521223062436
1.8866521223062436
1.8866521223062436
1.8866521223062436
1.8866521223062436
1.8866521223062436
1.8866521223062436
1.8866521223062436
1.8866521223062436
1.8866521223062436
1.8866521223062436
1.8866521223062436
1.8866521223062436
1.8866521223062436
1.8866521223062436
1.8866521223062436
1.8866521223062436
1.8866521223062436
1.8866521223062436
1.8866521223062436
1.8866521223062436
1.8866521223062436
1.8866521223062436
1.8866521223062436
1.8866521223062436
1.8866521223062436
1.8866521223062436
1.8866521223062436
1.8866521223062436
1.8866521223062436
1.8866521223062436
1.8866521223062436
1.8866521223062436
1.8866521223062436
1.8866521223062436
1.8866521223062436
1.8866521223062436
1.8866521223062436
1.8866521223062436
1.8866521223062436
1.8866521223062436
1.8866521223062436
1.8866521223062436
1.8866521223062436
1.8866521223062436
1.8866521223062436
1.8866521223062436
1.8866521223062436
1.8866521223062436
1.8866521223062436
1.8866521223062436
1.8866521223062436
1.8866521223062436
1.8866521223062436
1.8866521223062436
1.8866521223062436
1.8866521223062436
1.8866521223062436
1.8866521223062436
1.8866521223062436
1.8866521223062436
1.8866521223062436
1.8866521223062436
1.8866521223062436
1.8866521223062436
1.8866521223062436
1.8866521223062436
1.8866521223062436
1.8866521223062436
1.8866521223062436
1.8866521223062436
1.8866521223062436
1.8866521223062436
1.8866521223062436
1.8866521223062436
1.8866521223062436
1.8866521223062436
1.8866521223062436
1.8866521223062436
1.8866521223062436
1.8866521223062436
1.8866521223062436
1.8866521223062436
1.8866521223062436
1.8866521223062436
1.8866521223062436
1.8866521223062436
1.8866521223062436
1.8866521223062436
1.8866521223062436
1.8866521223062436
1.8866521223062436
1.8866521223062436
1.8866521223062436
1.8866521223062436
1.8866521223062436
1.8866521223062436
1.8866521223062436
1.8866521223062436
1.8866521223062436
1.8866521223062436
1.8866521223062436
1.8866521223062436
1.8866521223062436
1.8866521223062436
1.8866521223062436
1.8866521223062436
1.8866521223062436
1.8866521223062436
1.8866521223062436
1.8866521223062436
1.8866521223062436
1.8866521223062436
1.8866521223062436
1.8866521223062436
1.8866521223062436
1.8866521223062436
1.8866521223062436
1.8866521223062436
1.8866521223062436
1.8866521223062436
1.8866521223062436
1.8866521223062436
1.8866521223062436
1.8866521223062436
1.8866521223062436
1.8866521223062436
1.8866521223062436
1.8866521223062436
1.8866521223062436
1.8866521223062436
1.8866521223062436
1.8866521223062436
2.405436896317983
2.405436896317983
2.405436896317983
2.405436896317983
2.405436896317983
2.405436896317983
2.405436896317983
2.405436896317983
2.405436896317983
2.405436896317983
2.405436896317983
2.405436896317983
2.405436896317983
2.405436896317983
2.405436896317983
2.405436896317983
2.405436896317983
2.405436896317983
2.405436896317983
2.405436896317983
2.405436896317983
2.405436896317983
2.405436896317983
2.405436896317983
2.405436896317983
2.405436896317983
2.405436896317983
2.405436896317983
2.405436896317983
2.405436896317983
2.405436896317983
2.405436896317983
2.405436896317983
2.405436896317983
2.405436896317983
2.405436896317983
2.405436896317983
2.405436896317983
2.405436896317983
2.405436896317983
2.405436896317983
2.405436896317983
2.405436896317983
2.405436896317983
2.405436896317983
2.405436896317983
2.405436896317983
2.405436896317983
2.405436896317983
2.405436896317983
2.405436896317983
2.405436896317983
2.405436896317983
2.405436896317983
2.405436896317983
2.405436896317983
2.405436896317983
2.405436896317983
2.405436896317983
2.405436896317983
2.405436896317983
2.405436896317983
2.405436896317983
2.405436896317983
2.405436896317983
2.405436896317983
2.405436896317983
2.405436896317983
2.405436896317983
2.405436896317983
2.405436896317983
2.405436896317983
2.405436896317983
2.405436896317983
2.405436896317983
2.405436896317983
2.405436896317983
2.405436896317983
2.405436896317983
2.405436896317983
2.405436896317983
2.405436896317983
2.405436896317983
2.405436896317983
2.405436896317983
2.405436896317983
2.405436896317983
2.405436896317983
2.405436896317983
2.405436896317983
2.405436896317983
2.405436896317983
2.405436896317983
2.405436896317983
2.405436896317983
2.405436896317983
2.405436896317983
2.405436896317983
2.405436896317983
2.405436896317983
2.405436896317983
2.405436896317983
2.405436896317983
2.405436896317983
2.405436896317983
2.405436896317983
2.405436896317983
2.405436896317983
2.405436896317983
2.405436896317983
2.405436896317983
2.405436896317983
2.405436896317983
2.405436896317983
2.405436896317983
2.405436896317983
2.405436896317983
2.405436896317983
