0.10186695399236663
0.668658418363501
0.6845649191402184
0.6845649191402184
0.6845649191402184
0.6845649191402184
0.6845649191402184
0.7115313123130715
0.7115313123130715
0.7115313123130715
0.7115313123130715
0.7115313123130715
0.7115313123130715
0.7115313123130715
0.7115313123130715
0.7115313123130715
0.7115313123130715
0.7115313123130715
0.7115313123130715
0.7115313123130715
0.7115313123130715
0.8201914289406876
0.8201914289406876
0.8201914289406876
0.8201914289406876
0.8201914289406876
0.8201914289406876
0.8201914289406876
0.8201914289406876
0.8201914289406876
0.8201914289406876
0.8201914289406876
0.8201914289406876
0.8201914289406876
0.8201914289406876
0.8201914289406876
0.8201914289406876
0.8201914289406876
0.8201914289406876
0.8201914289406876
0.8201914289406876
0.8201914289406876
0.8201914289406876
0.8201914289406876
0.8201914289406876
0.8201914289406876
0.8201914289406876
0.8201914289406876
0.8201914289406876
0.8201914289406876
0.8201914289406876
0.8925880228180795
0.8925880228180795
0.8925880228180795
0.8925880228180795
0.8925880228180795
0.8925880228180795
0.8925880228180795
0.8925880228180795
0.8925880228180795
0.8925880228180795
0.8925880228180795
0.8925880228180795
0.8925880228180795
0.8925880228180795
1.1184344869645453
1.1184344869645453
1.1184344869645453
1.1184344869645453
1.1184344869645453
1.1184344869645453
1.1184344869645453
1.1184344869645453
1.1184344869645453
1.1184344869645453
1.1184344869645453
1.1184344869645453
1.1184344869645453
1.1184344869645453
1.1184344869645453
1.1184344869645453
1.1184344869645453
1.1184344869645453
1.1184344869645453
1.1184344869645453
1.1184344869645453
1.1184344869645453
1.1184344869645453
1.1184344869645453
1.1184344869645453
1.1184344869645453
1.1184344869645453
1.1184344869645453
1.1184344869645453
1.1184344869645453
1.1184344869645453
1.1184344869645453
1.1184344869645453
1.1184344869645453
1.1184344869645453
1.1184344869645453
1.1184344869645453
1.1184344869645453
1.1184344869645453
1.1184344869645453
1.1184344869645453
1.1184344869645453
1.1184344869645453
1.1184344869645453
1.1184344869645453
1.1184344869645453
1.1184344869645453
1.1184344869645453
1.1184344869645453
1.1184344869645453
1.1184344869645453
1.2772050482442832
2.112954987509728
2.112954987509728
2.112954987509728
2.112954987509728
2.112954987509728
2.112954987509728
2.112954987509728
2.112954987509728
2.112954987509728
2.112954987509728
2.112954987509728
2.112954987509728
2.112954987509728
2.112954987509728
2.112954987509728
2.112954987509728
2.112954987509728
2.112954987509728
2.112954987509728
2.112954987509728
2.112954987509728
2.112954987509728
2.112954987509728
2.112954987509728
2.112954987509728
2.112954987509728
2.112954987509728
2.112954987509728
2.112954987509728
2.112954987509728
2.112954987509728
2.112954987509728
2.112954987509728
2.112954987509728
2.112954987509728
2.112954987509728
2.112954987509728
2.112954987509728
2.112954987509728
2.112954987509728
2.112954987509728
2.112954987509728
2.112954987509728
2.112954987509728
2.112954987509728
2.112954987509728
2.112954987509728
2.112954987509728
2.112954987509728
2.112954987509728
2.112954987509728
2.112954987509728
2.112954987509728
2.112954987509728
2.112954987509728
2.112954987509728
2.112954987509728
2.112954987509728
2.112954987509728
2.112954987509728
2.112954987509728
2.112954987509728
2.112954987509728
2.112954987509728
2.112954987509728
2.112954987509728
2.112954987509728
2.112954987509728
2.112954987509728
2.112954987509728
2.112954987509728
2.112954987509728
2.112954987509728
2.112954987509728
2.112954987509728
2.112954987509728
2.112954987509728
2.112954987509728
2.112954987509728
2.112954987509728
2.112954987509728
2.112954987509728
2.112954987509728
2.112954987509728
2.112954987509728
2.112954987509728
2.112954987509728
2.112954987509728
2.112954987509728
2.112954987509728
2.112954987509728
2.112954987509728
2.112954987509728
2.112954987509728
2.112954987509728
2.112954987509728
2.112954987509728
2.112954987509728
2.112954987509728
2.112954987509728
2.112954987509728
2.112954987509728
2.112954987509728
2.112954987509728
2.112954987509728
2.112954987509728
2.112954987509728
2.112954987509728
2.112954987509728
2.112954987509728
2.112954987509728
2.112954987509728
2.112954987509728
2.112954987509728
2.112954987509728
2.112954987509728
2.112954987509728
2.112954987509728
2.112954987509728
2.112954987509728
2.112954987509728
2.112954987509728
2.112954987509728
2.112954987509728
2.112954987509728
2.112954987509728
2.112954987509728
2.112954987509728
2.112954987509728
2.112954987509728
2.112954987509728
2.112954987509728
2.112954987509728
2.112954987509728
2.112954987509728
2.112954987509728
2.112954987509728
2.112954987509728
2.112954987509728
2.112954987509728
2.112954987509728
2.112954987509728
2.112954987509728
2.112954987509728
2.112954987509728
2.112954987509728
2.112954987509728
2.112954987509728
2.112954987509728
2.112954987509728
2.112954987509728
2.112954987509728
2.112954987509728
2.112954987509728
2.112954987509728
2.112954987509728
2.112954987509728
2.112954987509728
2.112954987509728
2.112954987509728
2.112954987509728
2.112954987509728
2.112954987509728
2.112954987509728
2.112954987509728
2.112954987509728
2.112954987509728
2.112954987509728
2.112954987509728
3.2479635877352067
3.2479635877352067
3.2479635877352067
3.2479635877352067
3.2479635877352067
3.2479635877352067
3.2479635877352067
3.2479635877352067
3.2479635877352067
3.2479635877352067
3.2479635877352067
3.2479635877352067
3.2479635877352067
3.2479635877352067
3.2479635877352067
3.2479635877352067
3.2479635877352067
3.2479635877352067
3.2479635877352067
3.2479635877352067
3.2479635877352067
3.2479635877352067
3.2479635877352067
3.2479635877352067
3.2479635877352067
3.2479635877352067
3.2479635877352067
3.2479635877352067
3.2479635877352067
3.2479635877352067
3.2479635877352067
3.2479635877352067
3.2479635877352067
3.2479635877352067
3.2479635877352067
3.2479635877352067
3.2479635877352067
3.2479635877352067
3.2479635877352067
3.2479635877352067
3.2479635877352067
3.2479635877352067
3.2479635877352067
3.2479635877352067
3.2479635877352067
3.2479635877352067
3.2479635877352067
3.2479635877352067
3.2479635877352067
3.2479635877352067
3.2479635877352067
3.2479635877352067
3.2479635877352067
3.2479635877352067
3.2479635877352067
3.2479635877352067
3.2479635877352067
3.2479635877352067
3.2479635877352067
3.2479635877352067
3.2479635877352067
3.2479635877352067
3.2479635877352067
3.2479635877352067
3.2479635877352067
3.2479635877352067
3.2479635877352067
3.2479635877352067
3.2479635877352067
3.2479635877352067
3.2479635877352067
3.2479635877352067
3.2479635877352067
3.2479635877352067
3.2479635877352067
3.2479635877352067
3.2479635877352067
3.2479635877352067
3.2479635877352067
3.2479635877352067
3.2479635877352067
3.2479635877352067
3.2479635877352067
3.2479635877352067
3.2479635877352067
3.2479635877352067
3.2479635877352067
3.2479635877352067
3.2479635877352067
3.2479635877352067
3.2479635877352067
3.2479635877352067
3.2479635877352067
3.2479635877352067
3.2479635877352067
3.2479635877352067
3.2479635877352067
3.2479635877352067
3.2479635877352067
3.2479635877352067
3.2479635877352067
3.2479635877352067
3.2479635877352067
3.2479635877352067
3.2479635877352067
3.2479635877352067
3.2479635877352067
3.2479635877352067
3.2479635877352067
3.2479635877352067
3.2479635877352067
3.2479635877352067
3.2479635877352067
3.2479635877352067
3.2479635877352067
3.2479635877352067
3.2479635877352067
3.2479635877352067
3.2479635877352067
3.2479635877352067
3.2479635877352067
3.2479635877352067
3.2479635877352067
3.2479635877352067
3.2479635877352067
3.2479635877352067
3.2479635877352067
3.2479635877352067
3.2479635877352067
3.2479635877352067
3.2479635877352067
3.2479635877352067
3.2479635877352067
3.2479635877352067
3.2479635877352067
3.2479635877352067
3.2479635877352067
3.2479635877352067
3.2479635877352067
3.2479635877352067
3.2479635877352067
3.2479635877352067
3.2479635877352067
3.2479635877352067
3.2479635877352067
3.2479635877352067
3.2479635877352067
3.2479635877352067
3.2479635877352067
3.2479635877352067
3.2479635877352067
3.2479635877352067
3.2479635877352067
3.2479635877352067
3.2479635877352067
3.2479635877352067
3.2479635877352067
3.2479635877352067
3.2479635877352067
3.2479635877352067
3.2479635877352067
3.2479635877352067
3.2479635877352067
3.2479635877352067
3.2479635877352067
3.2479635877352067
3.2479635877352067
3.2479635877352067
3.2479635877352067
3.2479635877352067
3.2479635877352067
3.2479635877352067
3.2479635877352067
3.2479635877352067
3.2479635877352067
3.2479635877352067
3.2479635877352067
3.2479635877352067
3.2479635877352067
3.2479635877352067
3.2479635877352067
3.2479635877352067
3.2479635877352067
3.2479635877352067
3.2479635877352067
3.2479635877352067
3.2479635877352067
3.2479635877352067
3.2479635877352067
3.2479635877352067
3.2479635877352067
3.2479635877352067
3.2479635877352067
3.2479635877352067
3.2479635877352067
3.2479635877352067
3.2479635877352067
3.2479635877352067
3.2479635877352067
3.2479635877352067
3.2479635877352067
3.2479635877352067
3.2479635877352067
3.2479635877352067
3.2479635877352067
3.2479635877352067
3.2479635877352067
3.2479635877352067
3.2479635877352067
3.2479635877352067
3.2479635877352067
3.2479635877352067
3.2479635877352067
3.2479635877352067
3.2479635877352067
