0.05484753970317701
0.8026602900944954
0.8026602900944954
0.8026602900944954
0.8026602900944954
0.8026602900944954
0.8026602900944954
0.8026602900944954
0.8026602900944954
0.8026602900944954
0.8026602900944954
0.9017163550608254
0.9017163550608254
0.9017163550608254
0.9017163550608254
0.9017163550608254
0.9017163550608254
0.998819696337341
0.998819696337341
0.998819696337341
0.998819696337341
0.998819696337341
0.998819696337341
0.998819696337341
0.998819696337341
0.998819696337341
0.998819696337341
0.998819696337341
0.998819696337341
0.998819696337341
0.998819696337341
0.998819696337341
0.998819696337341
0.998819696337341
0.998819696337341
0.998819696337341
0.998819696337341
0.998819696337341
1.776489544169646
1.776489544169646
1.776489544169646
1.776489544169646
1.776489544169646
1.776489544169646
1.776489544169646
2.7127162524943134
2.7127162524943134
2.7127162524943134
2.7127162524943134
2.7127162524943134
2.7127162524943134
2.7127162524943134
2.7127162524943134
2.7127162524943134
2.7127162524943134
2.7127162524943134
2.7127162524943134
2.7127162524943134
2.7127162524943134
2.7127162524943134
2.7127162524943134
2.7127162524943134
2.7127162524943134
2.7127162524943134
2.7127162524943134
2.7127162524943134
2.7127162524943134
2.7127162524943134
2.7127162524943134
2.7127162524943134
2.7127162524943134
2.7127162524943134
2.7127162524943134
2.7127162524943134
2.7127162524943134
2.7127162524943134
2.7127162524943134
2.7127162524943134
2.7127162524943134
2.7127162524943134
2.7127162524943134
2.7127162524943134
2.7127162524943134
2.7127162524943134
2.7127162524943134
2.7127162524943134
2.7127162524943134
2.7127162524943134
2.7127162524943134
2.7127162524943134
2.7127162524943134
2.7127162524943134
2.7127162524943134
2.7127162524943134
2.7127162524943134
2.7127162524943134
2.7127162524943134
2.7127162524943134
2.7127162524943134
2.7127162524943134
2.7127162524943134
2.7127162524943134
2.7127162524943134
2.7127162524943134
2.7127162524943134
2.7127162524943134
2.7127162524943134
2.7127162524943134
2.7127162524943134
2.7127162524943134
2.7127162524943134
2.7127162524943134
2.7127162524943134
2.7127162524943134
2.7127162524943134
2.7127162524943134
2.7127162524943134
2.7127162524943134
2.7127162524943134
2.7127162524943134
2.7127162524943134
2.7127162524943134
2.7127162524943134
2.7127162524943134
2.7127162524943134
2.7127162524943134
2.7127162524943134
2.7127162524943134
2.7127162524943134
2.7127162524943134
2.7127162524943134
2.7127162524943134
2.7127162524943134
2.7127162524943134
2.7127162524943134
2.7127162524943134
2.7127162524943134
2.7127162524943134
2.7127162524943134
2.7127162524943134
2.7127162524943134
2.7127162524943134
2.7127162524943134
2.7127162524943134
2.7127162524943134
2.7127162524943134
2.7127162524943134
2.7127162524943134
2.7127162524943134
2.7127162524943134
2.7127162524943134
2.7127162524943134
2.7127162524943134
2.7127162524943134
2.7127162524943134
2.7127162524943134
2.7127162524943134
2.7127162524943134
2.7127162524943134
2.7127162524943134
2.7127162524943134
2.7127162524943134
2.7127162524943134
2.7127162524943134
2.7127162524943134
2.7127162524943134
2.7127162524943134
2.7127162524943134
2.7127162524943134
2.7127162524943134
2.7127162524943134
2.7127162524943134
2.7127162524943134
2.7127162524943134
2.7127162524943134
2.7127162524943134
2.7127162524943134
2.7127162524943134
2.7127162524943134
2.7127162524943134
2.7127162524943134
2.7127162524943134
2.7127162524943134
2.7127162524943134
2.7127162524943134
2.7127162524943134
2.7127162524943134
2.7127162524943134
2.7127162524943134
2.7127162524943134
2.7127162524943134
2.7127162524943134
2.7127162524943134
2.7127162524943134
2.7127162524943134
2.947073905305556
2.947073905305556
2.947073905305556
2.947073905305556
2.947073905305556
2.947073905305556
2.947073905305556
2.947073905305556
2.947073905305556
2.947073905305556
2.947073905305556
2.947073905305556
2.947073905305556
2.947073905305556
2.947073905305556
2.947073905305556
2.947073905305556
2.947073905305556
2.947073905305556
2.947073905305556
2.947073905305556
2.947073905305556
2.947073905305556
2.947073905305556
2.947073905305556
3.072251307324228
3.072251307324228
3.072251307324228
3.1511343367376003
3.1511343367376003
3.1511343367376003
3.1511343367376003
3.1511343367376003
3.1511343367376003
3.1511343367376003
3.1511343367376003
3.1511343367376003
3.1511343367376003
3.1511343367376003
3.1511343367376003
3.1511343367376003
3.1511343367376003
3.1511343367376003
3.1511343367376003
3.1511343367376003
3.1511343367376003
3.1511343367376003
3.1511343367376003
3.1511343367376003
3.1511343367376003
3.1511343367376003
3.1511343367376003
3.1511343367376003
3.1511343367376003
3.1511343367376003
3.1511343367376003
3.1511343367376003
3.1511343367376003
3.1511343367376003
3.1511343367376003
3.1511343367376003
3.1511343367376003
3.1511343367376003
3.1511343367376003
3.1511343367376003
3.1511343367376003
3.1511343367376003
3.1511343367376003
3.1511343367376003
3.1511343367376003
3.1511343367376003
3.1511343367376003
3.1511343367376003
3.1511343367376003
3.1511343367376003
3.1511343367376003
3.1511343367376003
3.1511343367376003
3.1511343367376003
3.1511343367376003
3.1511343367376003
3.1511343367376003
3.1511343367376003
3.1511343367376003
3.1511343367376003
3.1511343367376003
3.1511343367376003
3.1511343367376003
3.1511343367376003
3.1511343367376003
3.1511343367376003
3.1511343367376003
3.1511343367376003
3.1511343367376003
3.1511343367376003
3.1511343367376003
3.1511343367376003
3.1511343367376003
3.1511343367376003
3.1511343367376003
3.1511343367376003
3.1511343367376003
3.1511343367376003
3.1511343367376003
3.1511343367376003
3.1511343367376003
3.1511343367376003
3.1511343367376003
3.1511343367376003
3.1511343367376003
3.1511343367376003
3.1511343367376003
3.1511343367376003
3.1511343367376003
3.1511343367376003
3.1511343367376003
3.1511343367376003
3.1511343367376003
3.1511343367376003
3.1511343367376003
3.1511343367376003
3.1511343367376003
3.1511343367376003
3.1511343367376003
3.1511343367376003
3.1511343367376003
3.1511343367376003
3.1511343367376003
3.1511343367376003
3.1511343367376003
3.1511343367376003
3.1511343367376003
3.1511343367376003
3.1511343367376003
3.1511343367376003
3.1511343367376003
3.1511343367376003
3.1511343367376003
3.1511343367376003
3.1511343367376003
3.1511343367376003
3.1511343367376003
3.1511343367376003
3.1511343367376003
3.1511343367376003
3.1511343367376003
3.1511343367376003
3.1511343367376003
3.1511343367376003
3.1511343367376003
3.1511343367376003
3.1511343367376003
3.1511343367376003
3.1511343367376003
3.1511343367376003
3.1511343367376003
3.1511343367376003
3.1511343367376003
3.1511343367376003
3.1511343367376003
3.1511343367376003
3.1511343367376003
3.1511343367376003
3.1511343367376003
3.1511343367376003
3.1511343367376003
3.1511343367376003
3.1511343367376003
3.1511343367376003
3.1511343367376003
3.1511343367376003
3.1511343367376003
3.1511343367376003
3.1998028317353557
3.1998028317353557
3.1998028317353557
3.1998028317353557
3.1998028317353557
3.1998028317353557
3.1998028317353557
3.1998028317353557
3.1998028317353557
3.1998028317353557
3.1998028317353557
3.1998028317353557
3.1998028317353557
3.1998028317353557
3.1998028317353557
3.1998028317353557
3.1998028317353557
3.1998028317353557
3.1998028317353557
3.1998028317353557
3.1998028317353557
3.1998028317353557
3.1998028317353557
3.1998028317353557
3.1998028317353557
3.1998028317353557
3.1998028317353557
3.1998028317353557
3.1998028317353557
3.1998028317353557
3.1998028317353557
3.1998028317353557
3.1998028317353557
3.1998028317353557
3.1998028317353557
3.1998028317353557
3.1998028317353557
3.1998028317353557
3.1998028317353557
3.1998028317353557
3.1998028317353557
3.1998028317353557
3.1998028317353557
3.1998028317353557
3.1998028317353557
3.1998028317353557
3.1998028317353557
3.1998028317353557
3.1998028317353557
3.1998028317353557
3.1998028317353557
3.1998028317353557
3.1998028317353557
3.1998028317353557
3.1998028317353557
3.1998028317353557
3.1998028317353557
3.1998028317353557
3.1998028317353557
3.1998028317353557
3.1998028317353557
3.1998028317353557
3.1998028317353557
3.1998028317353557
3.1998028317353557
3.1998028317353557
3.1998028317353557
3.1998028317353557
3.1998028317353557
3.1998028317353557
3.1998028317353557
3.1998028317353557
3.1998028317353557
3.1998028317353557
3.1998028317353557
3.1998028317353557
3.1998028317353557
3.1998028317353557
3.1998028317353557
3.1998028317353557
3.1998028317353557
3.1998028317353557
3.1998028317353557
3.1998028317353557
3.1998028317353557
3.1998028317353557
3.1998028317353557
3.1998028317353557
3.1998028317353557
3.1998028317353557
3.1998028317353557
3.1998028317353557
3.1998028317353557
3.1998028317353557
3.1998028317353557
3.1998028317353557
3.1998028317353557
3.1998028317353557
3.1998028317353557
3.1998028317353557
3.1998028317353557
3.1998028317353557
3.1998028317353557
3.1998028317353557
3.1998028317353557
3.1998028317353557
3.1998028317353557
3.1998028317353557
3.1998028317353557
3.1998028317353557
3.1998028317353557
3.1998028317353557
3.1998028317353557
3.1998028317353557
3.1998028317353557
3.1998028317353557
3.1998028317353557
3.1998028317353557
3.1998028317353557
3.1998028317353557
3.1998028317353557
3.1998028317353557
3.1998028317353557
3.1998028317353557
3.1998028317353557
3.1998028317353557
3.1998028317353557
3.1998028317353557
3.1998028317353557
3.1998028317353557
3.1998028317353557
3.1998028317353557
3.1998028317353557
